600 800 0,40 280 210
129 436
461 534
78 413
226 253
52 463
110 155
55 449
31 573
111 567
39 429
82 169
356 510
121 544
412 493
75 457
180 511
107 251
471 478
49 71
334 353
44 157
449 583
156 184
412 435
227 523
103 464
228 272
51 391
12 259
81 548
17 479
45 320
303 341
496 531
113 398
241 557
163 418
153 282
96 102
268 579
57 434
94 256
349 597
343 486
16 231
93 377
298 558
208 416
71 442
304 478
445 457
8 189
3 372
362 416
28 350
9 17
55 264
166 220
62 303
221 510
57 422
285 548
138 516
28 494
466 539
250 362
8 469
17 81
234 243
15 511
293 441
262 502
69 419
27 456
365 399
208 314
381 473
519 552
152 539
37 295
68 561
74 439
7 262
41 274
218 446
95 560
38 441
209 232
295 423
249 381
224 593
75 237
188 232
0 47
106 247
317 454
174 374
302 406
305 494
180 493
519 577
348 494
224 308
186 209
35 353
30 61
456 483
457 565
238 297
177 209
212 282
8 135
327 460
114 539
417 533
162 336
5 144
21 322
453 469
56 80
35 166
186 456
222 543
380 569
267 385
36 176
412 591
166 344
210 267
187 281
237 391
16 477
518 577
235 594
347 591
146 328
21 360
157 187
164 520
23 337
25 266
340 382
26 558
328 357
40 522
168 309
117 481
305 525
246 383
56 531
538 542
54 290
321 531
248 394
314 321
169 222
55 422
149 163
82 243
456 565
403 490
226 387
190 477
356 467
394 425
395 422
90 545
474 574
193 209
18 298
261 435
181 527
115 120
63 312
130 252
479 551
403 578
62 278
356 587
342 478
78 561
223 444
335 392
459 481
18 124
54 341
141 590
72 287
189 366
101 109
78 599
156 364
220 402
461 492
100 368
263 563
244 568
348 477
35 71
29 401
266 577
38 302
236 320
490 597
514 556
197 555
66 239
264 292
438 550
17 554
128 545
472 552
145 301
83 508
128 191
322 561
89 116
24 196
145 282
330 552
79 420
11 35
95 554
178 552
71 400
345 517
108 542
56 348
213 246
36 380
381 599
47 224
348 364
120 595
174 431
227 351
34 248
161 596
5 152
176 496
370 596
46 385
183 465
456 472
261 433
15 163
224 229
127 476
281 316
280 364
435 529
425 585
217 425
144 448
71 256
162 540
65 398
181 489
397 553
39 427
115 182
107 269
451 562
440 482
1 433
221 407
144 190
333 367
168 315
482 591
110 528
13 97
104 151
47 466
319 488
264 430
109 336
37 129
416 473
189 364
145 382
234 362
174 337
90 438
477 480
94 483
51 246
162 263
23 130
48 373
35 387
37 349
2 513
357 516
96 201
75 344
260 299
281 291
406 549
208 438
371 562
174 360
220 329
48 227
63 479
28 196
7 256
332 383
76 295
64 132
96 274
280 589
156 329
2 316
97 469
38 402
194 280
235 541
47 185
47 413
202 349
140 576
252 488
4 163
39 260
195 224
68 85
164 296
273 384
272 444
110 283
188 501
246 249
6 101
228 389
397 596
162 229
76 97
153 231
124 431
72 357
17 51
15 492
396 547
269 318
82 331
416 513
127 337
40 169
236 323
94 282
72 386
131 189
132 266
113 514
147 436
219 491
291 479
211 345
229 381
199 318
218 361
452 512
195 259
239 353
9 287
74 275
390 558
3 387
20 41
229 438
103 205
416 550
486 514
130 477
97 444
365 467
446 561
113 178
181 362
11 401
421 537
43 574
187 220
406 451
16 310
272 364
438 501
75 598
219 294
68 90
169 412
277 462
325 368
19 67
161 190
235 426
254 423
108 290
131 173
62 161
468 594
234 465
240 534
12 452
90 199
205 394
96 195
76 163
74 195
210 473
162 262
54 224
65 123
168 477
246 339
380 595
102 379
344 588
0 564
288 512
230 285
54 350
37 441
350 524
18 205
166 567
7 185
138 310
126 411
227 236
138 291
8 232
98 416
8 161
20 502
248 481
208 427
286 294
208 219
98 249
181 310
34 138
214 588
460 577
271 398
27 304
166 307
487 524
223 313
436 484
65 353
579 583
288 362
8 62
56 292
38 106
67 514
210 521
260 426
247 511
240 499
34 386
46 229
184 392
84 341
56 86
208 310
313 569
214 310
319 594
15 53
415 557
191 259
0 99
300 322
3 159
193 469
66 514
77 500
401 569
37 86
481 490
138 335
194 245
61 67
465 505
235 488
120 388
55 384
171 314
402 404
18 254
180 590
350 382
386 515
263 577
305 316
56 202
178 441
46 473
159 222
415 495
68 292
532 544
57 247
442 587
61 257
277 573
454 596
113 197
34 228
169 171
177 222
207 492
321 366
240 283
89 398
29 267
70 182
343 480
30 467
71 472
151 388
81 348
249 271
522 555
23 529
451 464
253 537
62 571
408 425
84 352
250 256
223 267
459 474
339 356
343 538
76 473
124 250
248 572
4 122
234 275
65 252
294 316
230 312
76 250
83 258
313 515
38 326
87 542
187 310
13 52
110 357
380 493
561 589
319 435
202 248
243 486
66 84
227 485
131 268
375 462
95 540
348 414
10 49
90 547
155 160
445 529
214 533
50 291
200 534
48 265
59 409
215 483
62 220
486 508
360 384
328 515
99 511
256 318
39 459
23 202
6 388
29 470
111 196
530 546
85 293
3 94
309 323
88 569
153 281
305 480
142 280
141 195
433 552
254 339
548 555
212 450
123 491
176 371
98 153
268 472
367 400
165 332
302 551
85 522
343 404
8 567
312 471
61 422
74 463
113 168
445 498
90 163
51 489
212 539
277 515
216 286
380 535
62 258
18 401
33 486
118 593
349 452
36 271
3 348
120 576
93 247
278 429
264 481
142 373
179 534
428 524
17 452
461 516
276 570
245 482
302 411
346 577
184 513
293 484
155 250
165 586
13 48
243 565
89 472
253 373
177 401
489 527
504 545
77 465
380 454
245 326
100 568
129 504
230 566
106 111
306 411
449 513
64 203
434 484
483 592
10 433
76 595
30 556
296 564
20 471
279 411
193 315
8 537
166 252
364 531
99 338
196 215
325 540
182 389
30 238
10 59
357 450
249 250
370 534
213 220
0 29
288 528
139 246
48 326
14 542
229 366
310 444
170 540
97 241
135 565
180 450
145 229
337 427
374 435
410 534
66 347
179 598
419 523
31 129
432 507
122 325
15 188
72 268
261 432
458 532
95 390
250 571
221 403
70 404
57 525
215 381
349 574
176 596
419 593
117 198
386 506
133 342
15 508
39 192
101 376
13 599
33 326
125 219
210 540
225 430
24 174
270 288
279 469
134 429
18 486
70 506
200 281
318 389
11 157
104 356
155 285
252 419
64 382
74 192
31 438
210 306
288 430
171 486
170 591
58 101
281 576
118 203
150 276
137 218
66 149
558 579
255 442
44 405
170 361
268 573
195 319
117 506
262 264
335 493
304 370
51 464
110 199
163 182
166 174
496 513
152 284
216 326
277 494
155 371
3 575
148 357
27 171
399 598
99 388
130 575
8 542
32 59
240 293
455 513
381 467
9 187
351 531
419 440
412 583
145 335
23 485
154 521
140 496
404 524
252 477
265 374
382 388
308 396
30 522
50 402
175 431
382 534