100 150 0.03 3 3
1 2
1 51
1 100
2 1
2 3
2 52
3 2
3 4
3 53
4 3
4 5
4 54
5 4
5 6
5 55
6 5
6 7
6 56
7 6
7 8
7 57
8 7
8 9
8 58
9 8
9 10
9 59
10 9
10 11
10 60
11 10
11 12
11 61
12 11
12 13
12 62
13 12
13 14
13 63
14 13
14 15
14 64
15 14
15 16
15 65
16 15
16 17
16 66
17 16
17 18
17 67
18 17
18 19
18 68
19 18
19 20
19 69
20 19
20 21
20 70
21 20
21 22
21 71
22 21
22 23
22 72
23 22
23 24
23 73
24 23
24 25
24 74
25 24
25 26
25 75
26 25
26 27
26 76
27 26
27 28
27 77
28 27
28 29
28 78
29 28
29 30
29 79
30 29
30 31
30 80
31 30
31 32
31 81
32 31
32 33
32 82
33 32
33 34
33 83
34 33
34 35
34 84
35 34
35 36
35 85
36 35
36 37
36 86
37 36
37 38
37 87
38 37
38 39
38 88
39 38
39 40
39 89
40 39
40 41
40 90
41 40
41 42
41 91
42 41
42 43
42 92
43 42
43 44
43 93
44 43
44 45
44 94
45 44
45 46
45 95
46 45
46 47
46 96
47 46
47 48
47 97
48 47
48 49
48 98
49 48
49 50
49 99
50 49
50 51
50 100
51 1
51 50
51 52
52 2
52 51
52 53
53 3
53 52
53 54
54 4
54 53
54 55
55 5
55 54
55 56
56 6
56 55
56 57
57 7
57 56
57 58
58 8
58 57
58 59
59 9
59 58
59 60
60 10
60 59
60 61
61 11
61 60
61 62
62 12
62 61
62 63
63 13
63 62
63 64
64 14
64 63
64 65
65 15
65 64
65 66
66 16
66 65
66 67
67 17
67 66
67 68
68 18
68 67
68 69
69 19
69 68
69 70
70 20
70 69
70 71
71 21
71 70
71 72
72 22
72 71
72 73
73 23
73 72
73 74
74 24
74 73
74 75
75 25
75 74
75 76
76 26
76 75
76 77
77 27
77 76
77 78
78 28
78 77
78 79
79 29
79 78
79 80
80 30
80 79
80 81
81 31
81 80
81 82
82 32
82 81
82 83
83 33
83 82
83 84
84 34
84 83
84 85
85 35
85 84
85 86
86 36
86 85
86 87
87 37
87 86
87 88
88 38
88 87
88 89
89 39
89 88
89 90
90 40
90 89
90 91
91 41
91 90
91 92
92 42
92 91
92 93
93 43
93 92
93 94
94 44
94 93
94 95
95 45
95 94
95 96
96 46
96 95
96 97
97 47
97 96
97 98
98 48
98 97
98 99
99 49
99 98
99 100
100 1
100 50
100 99
